function p=fun6(x)
a=0.0193; b=-4.6996; c=312.3854;
p=a*x.^2+b.*x+c;